6/4/2016/11:51 = [0, 0, 0, 0, 0, 0, 0, 0, 0, 0, 0]
6/4/2016/11:55 = [0, 0, 0, 0, 0, 0, 0, 0, 0, 0, 0]
6/4/2016/11:56 = [0, 0, 0, 0, 0, 0, 0, 0, 0, 0, 0]
6/4/2016/11:57 = [0, 0, 0, 0, 0, 0, 0, 0, 0, 0, 0]
6/4/2016/12:01 = [0, 0, 0, 0, 0, 0, 0, 0, 0, 0, 0]
6/4/2016/12:02 = [0, 0, 0, 0, 0, 0, 0, 0, 0, 0, 0]
6/4/2016/12:02 = [0, 0, 0, 0, 0, 0, 0, 0, 0, 0, 0]
6/4/2016/12:05 = [0, 0, 0, 0, 0, 0, 0, 0, 0, 0, 0]
6/4/2016/12:06 = [0, 0, 0, 0, 0, 0, 0, 0, 0, 0, 0]
6/4/2016/12:39 = [0, 0, 0, 0, 0, 0, 0, 0, 0, 0, 0]
6/4/2016/12:41 = [0, 0, 0, 0, 0, 0, 0, 0, 0, 0, 0]
6/4/2016/12:42 = [0, 0, 0, 0, 0, 0, 0, 0, 0, 0, 0]
6/4/2016/12:43 = [0, 0, 0, 0, 0, 0, 0, 0, 0, 0, 0]
6/4/2016/12:46 = [0, 0, 0, 0, 0, 0, 0, 0, 0, 0, 0]
6/4/2016/12:47 = [0, 0, 0, 0, 0, 0, 0, 0, 0, 0, 0]
6/4/2016/12:47 = [0, 0, 0, 0, 0, 0, 0, 0, 0, 0, 0]
6/4/2016/12:47 = [0, 0, 0, 0, 0, 0, 0, 0, 0, 0, 0]
6/4/2016/12:48 = [0, 0, 0, 0, 0, 0, 0, 0, 0, 0, 0]
6/4/2016/12:55 = [0, 0, 0, 0, 0, 0, 0, 0, 0, 0, 0]
6/4/2016/13:13 = [0, 0, 0, 0, 0, 0, 0, 0, 0, 0, 0]
6/4/2016/13:16 = [0, 0, 0, 0, 0, 0, 0, 0, 0, 0, 0]
6/4/2016/13:16 = [0, 0, 0, 0, 0, 0, 0, 0, 0, 0, 0]
6/4/2016/13:31 = [0, 0, 0, 0, 0, 0, 0, 0, 0, 0, 0]
6/4/2016/13:32 = [0, 0, 0, 0, 0, 0, 0, 0, 0, 0, 0]
6/4/2016/13:33 = [0, 0, 0, 0, 0, 0, 0, 0, 0, 0, 0]
6/4/2016/13:34 = [0, 0, 0, 0, 0, 0, 0, 0, 0, 0, 0]
6/4/2016/13:34 = [0, 0, 0, 0, 0, 0, 0, 0, 0, 0, 0]
6/4/2016/13:41 = [0, 0, 0, 0, 0, 0, 0, 0, 0, 0, 0]
6/4/2016/13:41 = [0, 0, 0, 0, 0, 0, 0, 0, 0, 0, 0]
6/4/2016/13:44 = [0, 0, 0, 0, 0, 0, 0, 0, 0, 0, 0]
6/4/2016/13:45 = [0, 0, 0, 0, 0, 0, 0, 0, 0, 0, 0]
6/4/2016/13:46 = [0, 0, 0, 0, 0, 0, 0, 0, 0, 0, 0]
6/4/2016/13:48 = [0, 0, 0, 0, 0, 0, 0, 0, 0, 0, 0]
6/4/2016/13:49 = [0, 0, 0, 0, 0, 0, 0, 0, 0, 0, 0]
6/4/2016/13:50 = [0, 0, 0, 0, 0, 0, 0, 0, 0, 0, 0]
6/4/2016/13:50 = [0, 0, 0, 0, 0, 0, 0, 0, 0, 0, 0]
6/4/2016/13:51 = [0, 0, 0, 0, 0, 0, 0, 0, 0, 0, 0]
6/4/2016/13:52 = [0, 0, 0, 0, 0, 0, 0, 0, 0, 0, 0]
6/4/2016/13:53 = [0, 0, 0, 0, 0, 0, 0, 0, 0, 0, 0]
6/4/2016/13:53 = [0, 0, 0, 0, 0, 0, 0, 0, 0, 0, 0]
6/4/2016/14:25 = [0, 0, 0, 0, 0, 0, 0, 0, 0, 0, 0]
6/4/2016/14:26 = [0, 0, 0, 0, 0, 0, 0, 0, 0, 0, 0]
6/4/2016/14:27 = [0, 0, 0, 0, 0, 0, 0, 0, 0, 0, 0]
6/4/2016/14:55 = [0, 0, 0, 0, 0, 0, 0, 0, 0, 0, 0]
6/4/2016/14:56 = [0, 0, 0, 0, 0, 0, 0, 0, 0, 0, 0]
6/4/2016/14:57 = [0, 0, 0, 0, 0, 0, 0, 0, 0, 0, 0]
6/4/2016/14:58 = [0, 0, 0, 0, 0, 0, 0, 0, 0, 0, 0]
6/4/2016/15:00 = [0, 0, 0, 0, 0, 0, 0, 0, 0, 0, 0]
6/4/2016/15:02 = [0, 0, 0, 0, 0, 0, 0, 0, 0, 0, 0]
6/4/2016/15:03 = [0, 0, 0, 0, 0, 0, 0, 0, 0, 0, 0]
6/4/2016/15:04 = [0, 0, 0, 0, 0, 0, 0, 0, 0, 0, 0]
6/4/2016/15:16 = [0, 0, 0, 0, 0, 0, 0, 0, 0, 0, 0]
6/4/2016/15:17 = [0, 0, 0, 0, 0, 0, 0, 0, 0, 0, 0]
6/4/2016/15:19 = [0, 0, 0, 0, 0, 0, 0, 0, 0, 0, 0]
6/4/2016/15:19 = [0, 0, 0, 0, 0, 0, 0, 0, 0, 0, 0]
6/4/2016/15:30 = [0, 0, 0, 0, 0, 0, 0, 0, 0, 0, 0]
6/4/2016/15:31 = [0, 0, 0, 0, 0, 0, 0, 0, 0, 0, 0]
6/4/2016/15:32 = [0, 0, 0, 0, 0, 0, 0, 0, 0, 0, 0]
6/4/2016/15:34 = [0, 0, 0, 0, 0, 0, 0, 0, 0, 0, 0]
6/4/2016/15:38 = [0, 0, 0, 0, 0, 0, 0, 0, 0, 0, 0]
6/4/2016/15:40 = [0, 0, 0, 0, 0, 0, 0, 0, 0, 0, 0]
6/4/2016/15:40 = [0, 0, 0, 0, 0, 0, 0, 0, 0, 0, 0]
6/4/2016/15:43 = [0, 0, 0, 0, 0, 0, 0, 0, 0, 0, 0]
6/4/2016/15:44 = [0, 0, 0, 0, 0, 0, 0, 0, 0, 0, 0]
6/4/2016/15:45 = [0, 0, 0, 0, 0, 0, 0, 0, 0, 0, 0]
6/4/2016/15:46 = [0, 0, 0, 0, 0, 0, 0, 0, 0, 0, 0]
